
&title={
  "text":"Computers In Use",
  "style":"{font-size: 20px;}"
}&

&x_label_style=9,#9933CC,2,30& 
&x_ticks=5& 
&x_axis_steps=30& 
&y_label_style=10,#9933CC& 
&y_ticks=5,10,5& 
&scatter=3,#736AFF,Number of computers,10& 
&values=[1006300,99,2],[1006300,100,2],[1006300,99,2],[1006301,100,2],[1006301,102,2],[1006301,104,2],[1006301,105,2],[1006302,102,2],[1006302,101,2],[1006302,99,2],[1006302,104,2],[1006303,105,2],[1006303,105,2],[1006303,108,2],[1006303,109,2],[1006304,107,2],[1006304,107,2],[1006304,107,2],[1006304,102,2],[1006305,106,2],[1006305,106,2],[1006305,104,2],[1006305,106,2],[1006306,106,2],[1006306,105,2],[1006306,105,2],[1006306,105,2],[1006307,103,2],[1006307,104,2],[1006307,106,2],[1006307,106,2],[1006308,100,2],[1006308,100,2],[1006308,99,2],[1006308,100,2],[1006309,100,2],[1006309,100,2],[1006309,98,2],[1006309,95,2],[1006310,96,2],[1006310,98,2],[1006310,97,2],[1006310,97,2],[1006311,97,2],[1006311,96,2],[1006311,97,2],[1006311,98,2],[1006312,98,2],[1006312,96,2],[1006312,97,2],[1006312,97,2],[1006313,97,2],[1006313,96,2],[1006313,99,2],[1006313,98,2],[1006314,98,2],[1006314,98,2],[1006314,98,2],[1006314,98,2],[1006315,97,2],[1006315,96,2],[1006315,96,2],[1006315,95,2],[1006316,96,2],[1006316,95,2],[1006316,95,2],[1006316,95,2],[1006317,92,2],[1006317,94,2],[1006317,93,2],[1006317,95,2],[1006318,94,2],[1006318,92,2],[1006318,92,2],[1006318,92,2],[1006319,92,2],[1006319,92,2],[1006319,92,2],[1006319,93,2],[1006320,93,2],[1006320,93,2],[1006320,91,2],[1006320,93,2],[1006321,92,2],[1006321,92,2],[1006321,92,2],[1006321,92,2],[1006322,91,2],[1006322,91,2],[1006322,91,2],[1006322,91,2],[1006323,91,2],[1006323,91,2],[1006323,91,2],[1006323,91,2],[1006324,90,2],[1006324,91,2],[1006324,91,2],[1006324,90,2],[1006325,88,2],[1006325,86,2],[1006325,87,2],[1006325,87,2],[1006326,86,2],[1006326,85,2],[1006326,85,2],[1006326,85,2],[1006327,84,2],[1006327,83,2],[1006327,83,2],[1006327,84,2],[1006328,83,2],[1006328,76,2],[1006328,77,2],[1006328,74,2],[1006329,73,2],[1006329,68,2],[1006329,66,2],[1006329,65,2],[1006330,64,2],[1006330,61,2],[1006330,62,2],[1006330,61,2],[1006331,59,2],[1006331,57,2],[1006331,55,2],[1006331,55,2],[1006332,55,2],[1006332,55,2],[1006332,54,2],[1006332,52,2],[1006333,50,2],[1006333,50,2],[1006333,51,2],[1006333,50,2],[1006334,49,2],[1006334,49,2],[1006334,49,2],[1006334,47,2],[1006335,46,2],[1006335,45,2],[1006335,43,2],[1006335,43,2],[1006336,43,2],[1006336,43,2],[1006336,43,2],[1006336,43,2],[1006337,43,2],[1006337,43,2],[1006337,43,2],[1006337,43,2],[1006338,43,2],[1006338,43,2],[1006338,43,2],[1006338,43,2],[1006339,43,2],[1006339,43,2],[1006339,43,2],[1006339,43,2],[1006340,43,2],[1006340,43,2],[1006340,43,2],[1006340,43,2],[1006341,43,2],[1006341,43,2],[1006341,43,2],[1006341,43,2],[1006342,43,2],[1006342,43,2],[1006342,43,2],[1006342,43,2],[1006343,43,2],[1006343,43,2],[1006343,43,2],[1006343,43,2],[1006344,43,2],[1006344,43,2],[1006344,43,2],[1006344,43,2],[1006345,43,2],[1006345,43,2],[1006345,43,2],[1006345,43,2],[1006346,43,2],[1006346,43,2],[1006346,43,2],[1006346,46,2],[1006347,50,2],[1006347,52,2],[1006347,57,2],[1006347,62,2],[1006348,69,2],[1006348,72,2],[1006348,77,2],[1006348,79,2],[1006349,81,2],[1006349,81,2],[1006349,83,2],[1006349,84,2],[1006350,84,2],[1006350,85,2],[1006350,85,2],[1006350,85,2],[1006351,85,2],[1006351,87,2],[1006351,88,2],[1006351,89,2],[1006352,89,2],[1006352,89,2],[1006352,89,2],[1006352,90,2],[1006353,91,2],[1006353,92,2],[1006353,95,2],[1006353,96,2],[1006354,100,2],[1006354,100,2],[1006354,102,2],[1006354,102,2],[1006355,104,2],[1006355,105,2],[1006355,104,2],[1006355,106,2],[1006356,107,2],[1006356,108,2],[1006356,109,2],[1006356,110,2],[1006357,111,2],[1006357,111,2],[1006357,113,2],[1006357,113,2],[1006358,113,2],[1006358,113,2],[1006358,112,2],[1006358,113,2],[1006359,112,2],[1006359,112,2],[1006359,112,2],[1006359,112,2],[1006360,112,2],[1006360,113,2],[1006360,111,2],[1006360,111,2],[1006361,112,2],[1006361,112,2],[1006361,112,2],[1006361,112,2],[1006362,111,2],[1006362,112,2],[1006362,114,2],[1006362,114,2],[1006363,114,2],[1006363,113,2],[1006363,113,2],[1006363,114,2],[1006364,114,2],[1006364,114,2],[1006364,114,2],[1006364,115,2],[1006365,115,2],[1006365,115,2],[1006365,115,2],[1006365,114,2],[1006366,113,2],[1006366,113,2],[1006366,114,2],[1006366,112,2],[1006367,112,2],[1006367,112,2],[1006367,112,2],[1006367,112,2],[1006368,114,2],[1006368,113,2],[1006368,113,2],[1006368,111,2],[1006369,112,2],[1006369,113,2],[1006369,113,2],[1006369,113,2],[1006370,113,2],[1006370,113,2],[1006370,113,2],[1006370,114,2],[1006371,114,2],[1006371,114,2],[1006371,114,2],[1006371,115,2],[1006372,115,2],[1006373,113,2],[1006374,110,2],[1006374,116,2],[1006375,116,2],[1006376,118,2],[1006377,114,2],[1006377,116,2],[1006378,119,2],[1006379,118,2],[1006380,112,2],[1006380,110,2],[1006381,114,2],[1006382,109,2],[1006383,108,2],[1006383,110,2],[1006384,106,2],[1006385,106,2],[1006386,104,2],[1006386,102,2],[1006387,102,2],[1006388,102,2],[1006389,99,2],[1006389,100,2],[1006390,100,2],[1006391,101,2],[1006392,101,2],[1006392,101,2],[1006393,100,2],[1006394,100,2],[1006395,97,2],[1006395,98,2],[1006396,98,2],[1006397,96,2],[1006398,95,2],[1006398,95,2],[1006399,94,2],[1006400,91,2],[1006401,78,2],[1006401,64,2],[1006402,58,2],[1006403,52,2],[1006404,48,2],[1006404,46,2],[1006405,41,2],[1006406,40,2],[1006407,41,2],[1006407,38,2],[1006408,38,2],[1006409,39,2],[1006410,38,2],[1006410,36,2],[1006411,36,2],[1006412,36,2],[1006413,36,2],[1006413,36,2],[1006414,36,2],[1006415,36,2],[1006416,36,2],[1006416,36,2],[1006417,36,2],[1006418,37,2],[1006419,40,2],[1006419,57,2],[1006420,70,2],[1006421,79,2],[1006422,87,2],[1006422,90,2],[1006423,92,2],[1006424,96,2],[1006425,97,2],[1006425,104,2],[1006426,109,2],[1006427,111,2],[1006428,116,2],[1006428,117,2],[1006429,118,2],[1006430,119,2],[1006431,120,2],[1006431,121,2],[1006432,122,2],[1006433,122,2],[1006434,122,2],[1006434,122,2],[1006435,122,2],[1006436,121,2],[1006437,122,2],[1006437,121,2],[1006438,120,2],[1006439,121,2],[1006440,122,2],[1006440,123,2],[1006441,124,2],[1006442,125,2],[1006443,125,2],[1006443,125,2],[1006444,125,2],[1006445,122,2],[1006446,121,2],[1006446,108,2],[1006447,114,2]&

&__x_labels=Mon+07+9%3A25,Mon+07+9%3A30,Mon+07+9%3A35,Mon+07+9%3A40,Mon+07+9%3A45,Mon+07+9%3A50,Mon+07+9%3A55,Mon+07+10%3A00,Mon+07+10%3A05,Mon+07+10%3A10,Mon+07+10%3A15,Mon+07+10%3A20,Mon+07+10%3A25,Mon+07+10%3A30,Mon+07+10%3A35,Mon+07+10%3A40,Mon+07+10%3A45,Mon+07+10%3A50,Mon+07+10%3A55,Mon+07+11%3A00,Mon+07+11%3A05,Mon+07+11%3A10,Mon+07+11%3A15,Mon+07+11%3A20,Mon+07+11%3A25,Mon+07+11%3A30,Mon+07+11%3A35,Mon+07+11%3A40,Mon+07+11%3A45,Mon+07+11%3A50,Mon+07+11%3A55,Mon+07+12%3A00,Mon+07+12%3A05,Mon+07+12%3A10,Mon+07+12%3A15,Mon+07+12%3A20,Mon+07+12%3A25,Mon+07+12%3A30,Mon+07+12%3A35,Mon+07+12%3A40,Mon+07+12%3A45,Mon+07+12%3A50,Mon+07+12%3A55,Mon+07+13%3A00,Mon+07+13%3A05,Mon+07+13%3A10,Mon+07+13%3A15,Mon+07+13%3A20,Mon+07+13%3A25,Mon+07+13%3A30,Mon+07+13%3A35,Mon+07+13%3A40,Mon+07+13%3A45,Mon+07+13%3A50,Mon+07+13%3A55,Mon+07+14%3A00,Mon+07+14%3A05,Mon+07+14%3A10,Mon+07+14%3A15,Mon+07+14%3A20,Mon+07+14%3A25,Mon+07+14%3A30,Mon+07+14%3A35,Mon+07+14%3A40,Mon+07+14%3A45,Mon+07+14%3A50,Mon+07+14%3A55,Mon+07+15%3A00,Mon+07+15%3A05,Mon+07+15%3A10,Mon+07+15%3A15,Mon+07+15%3A20,Mon+07+15%3A25,Mon+07+15%3A30,Mon+07+15%3A35,Mon+07+15%3A40,Mon+07+15%3A45,Mon+07+15%3A50,Mon+07+15%3A55,Mon+07+16%3A00,Mon+07+16%3A05,Mon+07+16%3A10,Mon+07+16%3A15,Mon+07+16%3A20,Mon+07+16%3A25,Mon+07+16%3A30,Mon+07+16%3A35,Mon+07+16%3A40,Mon+07+16%3A45,Mon+07+16%3A50,Mon+07+16%3A55,Mon+07+17%3A00,Mon+07+17%3A05,Mon+07+17%3A10,Mon+07+17%3A15,Mon+07+17%3A20,Mon+07+17%3A25,Mon+07+17%3A30,Mon+07+17%3A35,Mon+07+17%3A40,Mon+07+17%3A45,Mon+07+17%3A50,Mon+07+17%3A55,Mon+07+18%3A00,Mon+07+18%3A05,Mon+07+18%3A10,Mon+07+18%3A15,Mon+07+18%3A20,Mon+07+18%3A25,Mon+07+18%3A30,Mon+07+18%3A35,Mon+07+18%3A40,Mon+07+18%3A45,Mon+07+18%3A50,Mon+07+18%3A55,Mon+07+19%3A00,Mon+07+19%3A05,Mon+07+19%3A10,Mon+07+19%3A15,Mon+07+19%3A20,Mon+07+19%3A25,Mon+07+19%3A30,Mon+07+19%3A35,Mon+07+19%3A40,Mon+07+19%3A45,Mon+07+19%3A50,Mon+07+19%3A55,Mon+07+20%3A00,Mon+07+20%3A05,Mon+07+20%3A10,Mon+07+20%3A15,Mon+07+20%3A20,Mon+07+20%3A25,Mon+07+20%3A30,Mon+07+20%3A35,Mon+07+20%3A40,Mon+07+20%3A45,Mon+07+20%3A50,Mon+07+20%3A55,Mon+07+21%3A00,Mon+07+21%3A05,Mon+07+21%3A10,Mon+07+21%3A15,Mon+07+21%3A20,Mon+07+21%3A25,Mon+07+21%3A30,Mon+07+21%3A35,Mon+07+21%3A40,Mon+07+21%3A45,Mon+07+21%3A50,Mon+07+21%3A55,Mon+07+22%3A00,Mon+07+22%3A05,Mon+07+22%3A10,Mon+07+22%3A15,Mon+07+22%3A20,Mon+07+22%3A25,Mon+07+22%3A30,Mon+07+22%3A35,Mon+07+22%3A40,Mon+07+22%3A45,Mon+07+22%3A50,Mon+07+22%3A55,Mon+07+23%3A00,Mon+07+23%3A05,Mon+07+23%3A10,Mon+07+23%3A15,Mon+07+23%3A20,Mon+07+23%3A25,Mon+07+23%3A30,Mon+07+23%3A35,Mon+07+23%3A40,Mon+07+23%3A45,Mon+07+23%3A50,Mon+07+23%3A55,Tue+08+0%3A00,Tue+08+0%3A05,Tue+08+0%3A10,Tue+08+0%3A15,Tue+08+0%3A20,Tue+08+0%3A25,Tue+08+0%3A30,Tue+08+0%3A35,Tue+08+0%3A40,Tue+08+0%3A45,Tue+08+0%3A50,Tue+08+0%3A55,Tue+08+1%3A00,Tue+08+1%3A05,Tue+08+1%3A10,Tue+08+1%3A15,Tue+08+1%3A20,Tue+08+1%3A25,Tue+08+1%3A30,Tue+08+1%3A35,Tue+08+1%3A40,Tue+08+1%3A45,Tue+08+1%3A50,Tue+08+1%3A55,Tue+08+2%3A00,Tue+08+2%3A05,Tue+08+2%3A10,Tue+08+2%3A15,Tue+08+2%3A20,Tue+08+2%3A25,Tue+08+2%3A30,Tue+08+2%3A35,Tue+08+2%3A40,Tue+08+2%3A45,Tue+08+2%3A50,Tue+08+2%3A55,Tue+08+3%3A00,Tue+08+3%3A05,Tue+08+3%3A10,Tue+08+3%3A15,Tue+08+3%3A20,Tue+08+3%3A25,Tue+08+3%3A30,Tue+08+3%3A35,Tue+08+3%3A40,Tue+08+3%3A45,Tue+08+3%3A50,Tue+08+3%3A55,Tue+08+4%3A00,Tue+08+4%3A05,Tue+08+4%3A10,Tue+08+4%3A15,Tue+08+4%3A20,Tue+08+4%3A25,Tue+08+4%3A30,Tue+08+4%3A35,Tue+08+4%3A40,Tue+08+4%3A45,Tue+08+4%3A50,Tue+08+4%3A55,Tue+08+5%3A00,Tue+08+5%3A05,Tue+08+5%3A10,Tue+08+5%3A15,Tue+08+5%3A20,Tue+08+5%3A25,Tue+08+5%3A30,Tue+08+5%3A35,Tue+08+5%3A40,Tue+08+5%3A45,Tue+08+5%3A50,Tue+08+5%3A55,Tue+08+6%3A00,Tue+08+6%3A05,Tue+08+6%3A10,Tue+08+6%3A15,Tue+08+6%3A20,Tue+08+6%3A25,Tue+08+6%3A30,Tue+08+6%3A35,Tue+08+6%3A40,Tue+08+6%3A45,Tue+08+6%3A50,Tue+08+6%3A55,Tue+08+7%3A00,Tue+08+7%3A05,Tue+08+7%3A10,Tue+08+7%3A15,Tue+08+7%3A20,Tue+08+7%3A25,Tue+08+7%3A30,Tue+08+7%3A35,Tue+08+7%3A40,Tue+08+7%3A45,Tue+08+7%3A50,Tue+08+7%3A55,Tue+08+8%3A00,Tue+08+8%3A05,Tue+08+8%3A10,Tue+08+8%3A15,Tue+08+8%3A20,Tue+08+8%3A25,Tue+08+8%3A30,Tue+08+8%3A35,Tue+08+8%3A40,Tue+08+8%3A45,Tue+08+8%3A50,Tue+08+8%3A55,Tue+08+9%3A00,Tue+08+9%3A05,Tue+08+9%3A10,Tue+08+9%3A15,Tue+08+9%3A30,Tue+08+9%3A45,Tue+08+10%3A00,Tue+08+10%3A15,Tue+08+10%3A30,Tue+08+10%3A45,Tue+08+11%3A00,Tue+08+11%3A15,Tue+08+11%3A30,Tue+08+11%3A45,Tue+08+12%3A00,Tue+08+12%3A15,Tue+08+12%3A30,Tue+08+12%3A45,Tue+08+13%3A00,Tue+08+13%3A15,Tue+08+13%3A30,Tue+08+13%3A45,Tue+08+14%3A00,Tue+08+14%3A15,Tue+08+14%3A30,Tue+08+14%3A45,Tue+08+15%3A00,Tue+08+15%3A15,Tue+08+15%3A30,Tue+08+15%3A45,Tue+08+16%3A00,Tue+08+16%3A15,Tue+08+16%3A30,Tue+08+16%3A45,Tue+08+17%3A00,Tue+08+17%3A15,Tue+08+17%3A30,Tue+08+17%3A45,Tue+08+18%3A00,Tue+08+18%3A15,Tue+08+18%3A30,Tue+08+18%3A45,Tue+08+19%3A00,Tue+08+19%3A15,Tue+08+19%3A30,Tue+08+19%3A45,Tue+08+20%3A00,Tue+08+20%3A15,Tue+08+20%3A30,Tue+08+20%3A45,Tue+08+21%3A00,Tue+08+21%3A15,Tue+08+21%3A30,Tue+08+21%3A45,Tue+08+22%3A00,Tue+08+22%3A15,Tue+08+22%3A30,Tue+08+22%3A45,Tue+08+23%3A00,Tue+08+23%3A15,Tue+08+23%3A30,Tue+08+23%3A45,Wed+09+0%3A00,Wed+09+0%3A15,Wed+09+0%3A30,Wed+09+0%3A45,Wed+09+1%3A00,Wed+09+1%3A15,Wed+09+1%3A30,Wed+09+1%3A45,Wed+09+2%3A00,Wed+09+2%3A15,Wed+09+2%3A30,Wed+09+2%3A45,Wed+09+3%3A00,Wed+09+3%3A15,Wed+09+3%3A30,Wed+09+3%3A45,Wed+09+4%3A00,Wed+09+4%3A15,Wed+09+4%3A30,Wed+09+4%3A45,Wed+09+5%3A00,Wed+09+5%3A15,Wed+09+5%3A30,Wed+09+5%3A45,Wed+09+6%3A00,Wed+09+6%3A15,Wed+09+6%3A30,Wed+09+6%3A45,Wed+09+7%3A00,Wed+09+7%3A15,Wed+09+7%3A30,Wed+09+7%3A45,Wed+09+8%3A00,Wed+09+8%3A15,Wed+09+8%3A30,Wed+09+8%3A45,Wed+09+9%3A00,Wed+09+9%3A15,Wed+09+9%3A30,Wed+09+9%3A45,Wed+09+10%3A00,Wed+09+10%3A15,Wed+09+10%3A30& 

&y_min=0& 
&y_max=140&

&x_min=1006300& 
&x_max=1006447&

&__tool_tip=x%3A%23x_label%23%3Cbr%3Ey%3A%23val%23&

&tooltip=
{
  "shadow":1,
  "stroke":5,
  "colour":"#00d000",
  "background":"#d0d0ff",
  "title":"{font-size: 14px; color: #905050;}",
  "body":"{font-size: 10px; font-weight: bold; color: #9090ff;}"
}
&